free_thresh: 0.90
negate: 0
origin: [-6.000000, -6.000000, 0.0]
resolution: 0.100000
mode: trinary
occupied_thresh: 0.95
image: map.pgm
